B07GM5NR14	Lenovo Everyday Laptop Backpack B515 15.6-inch Water Repellent Black		1,987 ratings	4.1 out of 5 stars	Lenovo	₹ 889.00	Amazon'sChoice	Sold by spinfotech and Fulfilled by Amazon.