B08BTL2Q85	PUMA Daypack IND II Red-Peacoat					₹ 349.00		Sold by Cloudtail India and Fulfilled by Amazon.	4.5 out of 5 stars	89% positive in the last 12 months (170189 ratings)