Price + Delivery	Condition	Seller Information	Delivery
  1,080.00 | Prime : No | FREE Delivery | FREE Delivery.	New	LAGGAGE | 3 out of 5 stars  | 40% positive. | 5 total rating	Not fulfilled by Amazon | 6-7 days
  1,082.00 | Prime : Yes | FREE Delivery |   1,082.00	New	Cloudtail India | 4.5 out of 5 stars  | 89% positive | 1,316,640 total rating	Fullfilled by Amazon
  1,183.00 | Prime : Yes | FREE Delivery |   1,183.00	New	Net Distribution Services Pvt. Ltd | 4.5 out of 5 stars  | 85% positive | 779 total rating	Fullfilled by Amazon
  1,199.00 | Prime : Yes | FREE Delivery |   1,199.00	New	Big Bazaar | 3 out of 5 stars  | 57% positive | 5,583 total rating	Fullfilled by Amazon
  1,299.00 | Prime : Yes | FREE Delivery |   1,299.00	New	Atlantic LLC | 4 out of 5 stars  | 82% positive | 70 total rating	Fullfilled by Amazon
