Price + Delivery	Condition	Seller Information	Delivery
  925.00 | Prime : Yes |  |   925.00	New	Shantam International | 4 out of 5 stars  | 83% positive. | 6 total rating	Not fulfilled by Amazon
  927.00 | Prime : Yes |  |   927.00	New	Cloudtail India | 4.5 out of 5 stars  | 89% positive | 1,316,721 total rating	Fullfilled by Amazon
  1,049.00 | Prime : No |  | FREE Delivery.	New	Discount Junction | 3.5 out of 5 stars  | 61% positive | 417 total rating	Not fulfilled by Amazon
  1,049.00 | Prime : No |  | FREE Delivery.	New	Timex Avtansh | 5 out of 5 stars  | 100% positive | 2 total rating	Not fulfilled by Amazon | 7-8 days
