Price + Delivery	Condition	Seller Information	Delivery
  2,070.00 | Prime : Yes |  |   2,070.00	New	Atlantic LLC | 4 out of 5 stars  | 83% positive | 70 total rating	Fullfilled by Amazon
  2,070.00 | Prime : Yes |  |   2,070.00	New	Appario Retail Private Ltd | 4.5 out of 5 stars  | 89% positive | 333,004 total rating	Fullfilled by Amazon
  2,149.00 | Prime : Yes |  |   2,149.00	New	TPS Technologies | 4.5 out of 5 stars  | 89% positive | 5,671 total rating	Fullfilled by Amazon
