B015E3RTYW	Tommy Hilfiger Biker Club - Basil 21.6 ltrs Navy Casual Backpack (TH/BIKOL08BAS)		112 ratings	3.8 out of 5 stars	Visit the Tommy Hilfiger Store	₹ 1,679.00		Sold by Cloudtail India and Fulfilled by Amazon.	4.5 out of 5 stars	90% positive in the last 12 months (171345 ratings)