9386668033	Principles of Economics with CourseMate	N. Gregory Mankiw		24 ratings	4.1 out of 5 stars	₹ 734.00		Sold by Cloudtail India (4.5 out of 5 | 216,641 ratings) and Fulfilled by Amazon.