B07JFJVQMX	Mi Casual Laptop Backpack (Blue)		471 ratings	4.3 out of 5 stars	Mi	₹ 899.00		Sold by Appario Retail Private Ltd and Fulfilled by Amazon.