Price + Delivery	Condition	Seller Information	Delivery
  1,920.00 | Prime : No | FREE Delivery | FREE Delivery. Details	New	Cloudtail India | 4.5 out of 5 stars  | 89% positive | 1,324,016 total rating	Fullfilled by Amazon
  6,700.00 | Prime : No | FREE Delivery | FREE Delivery.	New	SS Traders. |  |  | Seller Profil	Not fulfilled by Amazon | 1-4 days
