Price + Delivery	Condition	Seller Information	Delivery
  1,240.00 | Prime : Yes |  |   1,240.00	New	Atlantic LLC | 4 out of 5 stars  | 82% positive | 70 total rating	Fullfilled by Amazon
  1,248.00 | Prime : Yes |  |   1,248.00	New	Cloudtail India | 4.5 out of 5 stars  | 89% positive | 1,316,648 total rating	Fullfilled by Amazon
