B01LAT44XS	Suntop 26 Ltrs Backpack (9BTblue_Black & Blue)		1,279 ratings	4.0 out of 5 stars	Visit the Suntop Store	₹ 799.00	Amazon's Choice for suntop bags	Sold by SuntopBags and Fulfilled by Amazon.	4 out of 5 stars	83% positive in the last 12 months (12 ratings)