B01F7AX9ZA	F Gear Luxur Brown 25 Liter Laptop Backpack (2404)		7,977 ratings	4.5 out of 5 stars	F Gear	₹ 877.00		Sold by Cloudtail India and Fulfilled by Amazon.	4.5 out of 5 stars	90% positive in the last 12 months (171878 ratings)