Price + Delivery	Condition	Seller Information	Delivery
  260.00 | Prime : No | +   60.00 Delivery | Pay on Delivery eligible	Used - Good	J B Books Sellers & Distributors | 4 out of 5 stars  | 82% positive | 770 total rating	Not fulfilled by Amazon | 5-6 days
  419.00 | Prime : No | +   60.00 Delivery | Pay on Delivery eligible	New	COMPUTERSCIENCE ENGINEERING BOOKS | Just Launched	Not fulfilled by Amazon | 6-8 days
  420.00 | Prime : No | +   60.00 Delivery | Pay on Delivery eligible	New	BookWorld99 | Just Launched	Not fulfilled by Amazon | 6-8 days
  423.00 | Prime : No | +   60.00 Delivery | Pay on Delivery eligible	New	Booksstore1 | Just Launched	Not fulfilled by Amazon | 6-8 days
  249.00 | Prime : No | +   60.00 Delivery	Used - Like New	Bookwuk | 3 out of 5 stars  | 54% positive. | 13 total rating	Not fulfilled by Amazon | 9-12 days
  339.00 | Prime : No | +   60.00 Delivery | Pay on Delivery eligible	Used - Good	PK Textbooks | 3.5 out of 5 stars  | 61% positive. | 31 total rating	Not fulfilled by Amazon | 6-8 days
  429.00 | Prime : No | +   60.00 Delivery | Pay on Delivery eligible	New	SRS Book | 4 out of 5 stars  | 74% positive | 80 total rating	Not fulfilled by Amazon | 6-8 days
  489.00 | Prime : Yes | +   60.00 Delivery | Pay on Delivery eligible	New	Cloudtail India | 4.5 out of 5 stars  | 92% positive | 1,299,158 total rating	Fullfilled by Amazon
  420.00 | Prime : No | +   60.00 Delivery | Pay on Delivery eligible	New	Swetha Books | 3.5 out of 5 stars  | 57% positive | 14 total rating	Not fulfilled by Amazon | 6-8 days
  455.00 | Prime : No | +   60.00 Delivery | Pay on Delivery eligible	Used - Like New	STUDENT BOOK STALL V.V.NAGAR | 3.5 out of 5 stars  | 67% positive | 96 total rating	Not fulfilled by Amazon
  590.00 | Prime : No | FREE Delivery. | Pay on Delivery eligible	New	DIGITAL PRESS | 3 out of 5 stars  | 58% positive | 66 total rating	Not fulfilled by Amazon | 6-8 days
  600.00 | Prime : Yes | FREE Delivery. | Pay on Delivery eligible	New	BOOKS & EQUIPMENT DISTRIBUTORS | 4.5 out of 5 stars  | 89% positive | 83 total rating	Not fulfilled by Amazon
  684.00 | Prime : No | FREE Delivery. | Pay on Delivery eligible	New	HERITAGE PUBLISHERS | 4.5 out of 5 stars  | 94% positive | 783 total rating	Not fulfilled by Amazon | 6-8 days
  600.00 | Prime : No | FREE Delivery.	New	Manifest Services | 5 out of 5 stars  | 100% positive | 2 total rating	Not fulfilled by Amazon | 5-10 days
  550.00 | Prime : No | FREE Delivery. | Pay on Delivery eligible	New	Paramount Book Distributors | 3 out of 5 stars  | 50% positive. | 10 total rating	Not fulfilled by Amazon | 6-8 days
  600.00 | Prime : No | FREE Delivery. | Pay on Delivery eligible	New	STUDENT BOOK STALL V.V.NAGAR | 3.5 out of 5 stars  | 67% positive | 96 total rating	Not fulfilled by Amazon
  725.00 | Prime : Yes | FREE Delivery. | Pay on Delivery eligible	New	JBCPD | 4.5 out of 5 stars  | 93% positive | 32,617 total rating	Fullfilled by Amazon
  750.00 | Prime : No | FREE Delivery. | Pay on Delivery eligible	New	Allfyn | Just Launched	Not fulfilled by Amazon | 6-8 days
  620.00 | Prime : No | FREE Delivery. | Pay on Delivery eligible	New	Shivank Books | 4 out of 5 stars  | 78% positive. | 79 total rating	Not fulfilled by Amazon | 8-9 days
  785.00 | Prime : No | FREE Delivery.	New	MK BOOKS INDIA | 2.5 out of 5 stars  | 34% positive | 2,245 total rating	Not fulfilled by Amazon | 15-18 days
  747.00 | Prime : No | +   40.00 Delivery | Pay on Delivery eligible	New	Comma365 | 4.5 out of 5 stars  | 95% positive | 2,242 total rating	Not fulfilled by Amazon | 6-8 days
  659.40 | Prime : No | +   40.00 Delivery | Pay on Delivery eligible	New	Rama BOOKS | 3.5 out of 5 stars  | 67% positive. | 6 total rating	Not fulfilled by Amazon | 8-9 days
  643.70 | Prime : No | +   40.00 Delivery | Pay on Delivery eligible	New	O_Store | 4.5 out of 5 stars  | 87% positive | 593 total rating	Not fulfilled by Amazon | 9-10 days
  798.00 | Prime : Yes | +   40.00 Delivery | Pay on Delivery eligible	New	uRead-Store | 4.5 out of 5 stars  | 92% positive | 25,127 total rating	Fullfilled by Amazon
  711.00 | Prime : No | +   40.00 Delivery	New	BooksRaja | 4.5 out of 5 stars  | 85% positive | 171 total rating	Not fulfilled by Amazon
  687.00 | Prime : No | +   40.00 Delivery	New	Sunrise Book store | 3.5 out of 5 stars  | 61% positive | 1,356 total rating	Not fulfilled by Amazon | 4-6 days
  707.00 | Prime : No | +   40.00 Delivery | Pay on Delivery eligible	New	Kushii Radiance Bookshop | 4.5 out of 5 stars  | 84% positive. | 63 total rating	Not fulfilled by Amazon | 6-8 days
  699.00 | Prime : No | +   40.00 Delivery | Pay on Delivery eligible	New	weblibox | 5 out of 5 stars  | 100% positive | 1 total rating	Not fulfilled by Amazon | 5-6 days
  745.00 | Prime : No | +   40.00 Delivery | Pay on Delivery eligible	New	radhika A communication | 4 out of 5 stars  | 78% positive | 29 total rating	Not fulfilled by Amazon | 9-10 days
  718.00 | Prime : No | +   40.00 Delivery | Pay on Delivery eligible	New	V5MARK | 4 out of 5 stars  | 75% positive | 8 total rating	Not fulfilled by Amazon | 8-9 days
  785.00 | Prime : No | +   80.00 Delivery | Pay on Delivery eligible	New	MANJU INTERNATIONAL | 4 out of 5 stars  | 79% positive. | 86 total rating	Not fulfilled by Amazon | 6-8 days
  746.00 | Prime : No | +   80.00 Delivery | Pay on Delivery eligible	New	Booksmandi | 4.5 out of 5 stars  | 89% positive | 2,530 total rating	Not fulfilled by Amazon
  782.00 | Prime : No | +   80.00 Delivery | Pay on Delivery eligible	New	BOOK CENTRE | 4 out of 5 stars  | 81% positive | 862 total rating	Not fulfilled by Amazon
  785.00 | Prime : No | +   80.00 Delivery | Pay on Delivery eligible	New	Manila Books Services | 4.5 out of 5 stars  | 92% positive | 13 total rating	Not fulfilled by Amazon | 11-16 days
  785.00 | Prime : No | +   80.00 Delivery	New	Books-a-zillion | 4 out of 5 stars  | 82% positive | 89 total rating	Not fulfilled by Amazon | 20-27 days
  777.00 | Prime : No | +   80.00 Delivery	New	SAI BOOKS | 3 out of 5 stars  | 46% positive | 181 total rating	Not fulfilled by Amazon | 4-6 days
  785.00 | Prime : No | +   80.00 Delivery	New	ALL BOOKS GALLERY | 4.5 out of 5 stars  | 93% positive | 71 total rating	Not fulfilled by Amazon | 4-8 days
  860.00 | Prime : No | +   80.00 Delivery	New	The Grand_Store | 3 out of 5 stars  | 50% positive | 10 total rating	Not fulfilled by Amazon | 15-18 days
  1,049.00 | Prime : No | +   80.00 Delivery	New	Ebookstore | 4.5 out of 5 stars  | 85% positive | 522 total rating	Not fulfilled by Amazon | 15-17 days
  1,090.00 | Prime : No | +   80.00 Delivery | Pay on Delivery eligible	New	Book eHub | 4 out of 5 stars  | 74% positive | 32 total rating	Not fulfilled by Amazon | 6-8 days
  425.00 | Prime : No | FREE Delivery. | Pay on Delivery eligible	New	Booksstore1 | Just Launched	Not fulfilled by Amazon | 6-8 days
  700.00 | Prime : Yes | FREE Delivery. | Pay on Delivery eligible	New	BOOKS & EQUIPMENT DISTRIBUTORS | 4.5 out of 5 stars  | 89% positive | 83 total rating	Not fulfilled by Amazon
  711.00 | Prime : No | FREE Delivery.	New	BooksRaja | 4.5 out of 5 stars  | 85% positive | 171 total rating	Not fulfilled by Amazon
  687.00 | Prime : No | FREE Delivery.	New	Sunrise Book store | 3.5 out of 5 stars  | 61% positive | 1,356 total rating	Not fulfilled by Amazon | 4-8 days
  785.00 | Prime : No | FREE Delivery.	New	Books-a-zillion | 4 out of 5 stars  | 82% positive | 89 total rating	Not fulfilled by Amazon | 20-27 days
  785.00 | Prime : No | FREE Delivery.	New	Books-a-zillion | 4 out of 5 stars  | 82% positive | 89 total rating	Not fulfilled by Amazon | 20-27 days
  777.00 | Prime : No | FREE Delivery.	New	SAI BOOKS | 3 out of 5 stars  | 46% positive | 181 total rating	Not fulfilled by Amazon | 4-6 days
  1,126.00 | Prime : No | FREE Delivery.	New	ASIAN TREASURES | 4.5 out of 5 stars  | 94% positive | 18 total rating	Not fulfilled by Amazon | 5-9 days
  1,247.00 | Prime : No | FREE Delivery. | Pay on Delivery eligible	New	Speedy_Books | 4.5 out of 5 stars  | 80% positive | 489 total rating	Not fulfilled by Amazon | 6-8 days
  6,721.00 | Prime : No | FREE Delivery.	New	etohfa | 5 out of 5 stars  | 100% positive | 23 total rating	Not fulfilled by Amazon | 26-33 days
  785.00 | Prime : No | +   105.00 Delivery	New	Books-a-zillion | 4 out of 5 stars  | 82% positive | 89 total rating	Not fulfilled by Amazon | 20-27 days
  771.00 | Prime : No | +   105.00 Delivery	New	Sunrise Book store | 3.5 out of 5 stars  | 61% positive | 1,356 total rating	Not fulfilled by Amazon | 4-8 days
