Price + Delivery	Condition	Seller Information	Delivery
  799.00 | Prime : No | FREE Delivery.	New	MK BOOKS INDIA | 2.5 out of 5 stars  | 34% positive | 2,247 total rating	Not fulfilled by Amazon | 14-17 days
  799.00 | Prime : No | FREE Delivery.	New	Inetrade India | 4 out of 5 stars  | 75% positive | 3,254 total rating	Not fulfilled by Amazon | 5-9 days
  940.00 | Prime : No | FREE Delivery.	New	Bookswagon | 4 out of 5 stars  | 70% positive | 6,385 total rating	Not fulfilled by Amazon | 10-17 days
  935.00 | Prime : No | FREE Delivery.	New	Sunrise Book store | 3.5 out of 5 stars  | 61% positive | 1,358 total rating	Not fulfilled by Amazon | 9-16 days
  1,194.00 | Prime : No | FREE Delivery.	New	Bookswagon | 4 out of 5 stars  | 70% positive | 6,385 total rating	Not fulfilled by Amazon | 22-29 days
  1,166.00 | Prime : No | FREE Delivery.	New	Sunrise Book store | 3.5 out of 5 stars  | 61% positive | 1,358 total rating	Not fulfilled by Amazon | 21-28 days
  1,399.63 | Prime : No | FREE Delivery.	New	INFINITE BOOKS | 5 out of 5 stars  | 99% positive | 288 total rating	Not fulfilled by Amazon | 11-15 days
  1,962.09 | Prime : No | FREE Delivery.	New	Fast Media 2 | 4 out of 5 stars  | 72% positive | 6,005 total rating	Not fulfilled by Amazon | 16-24 days
  2,053.00 | Prime : No | FREE Delivery.	New	D R | 4 out of 5 stars  | 82% positive | 12,169 total rating	Not fulfilled by Amazon | 8-12 days
  2,769.00 | Prime : No | FREE Delivery.	New	etohfa | 5 out of 5 stars  | 100% positive | 23 total rating	Not fulfilled by Amazon | 25-32 days
  1,234.00 | Prime : No | +   15.00 Delivery	New	Bookswagon | 4 out of 5 stars  | 70% positive | 6,385 total rating	Not fulfilled by Amazon | 7-10 days
  1,234.00 | Prime : No | +   15.00 Delivery	New	Bookswagon | 4 out of 5 stars  | 70% positive | 6,385 total rating	Not fulfilled by Amazon | 10-17 days
  1,206.00 | Prime : No | +   15.00 Delivery	New	Sunrise Book store | 3.5 out of 5 stars  | 61% positive | 1,358 total rating	Not fulfilled by Amazon | 7-10 days
  1,515.00 | Prime : No | +   15.00 Delivery	New	Sunrise Book store | 3.5 out of 5 stars  | 61% positive | 1,358 total rating	Not fulfilled by Amazon | 18-25 days
