Price + Delivery	Condition	Seller Information	Delivery
  999.00 | Prime : No | FREE Delivery | FREE Delivery. Details	New	Cloudtail India | 4.5 out of 5 stars  | 89% positive | 1,322,841 total rating	Fullfilled by Amazon
  1,299.00 | Prime : No | FREE Delivery | FREE Delivery.	New	Parate Bag House |  |  | Seller Profil	Not fulfilled by Amazon | 7-8 days
  1,399.00 | Prime : No | FREE Delivery | FREE Delivery.	New	Bombay Bag House |  |  | Seller Profil	Not fulfilled by Amazon | 7-8 days
  1,460.00 | Prime : No | FREE Delivery | FREE Delivery. Details	New	Olympia Industries Ltd. | 4.5 out of 5 stars  | 89% positive | 166,816 total rating	Fullfilled by Amazon
