Price + Delivery	Condition	Seller Information	Delivery
  4,490.00 | Prime : Yes |  | Pay on Delivery eligible	New	KEI HiFi (Kripa Electronics India Private Limited) | 3.5 out of 5 stars  | 67% positive | 115 total rating	Fullfilled by Amazon
  4,499.00 | Prime : No |  | FREE Delivery.	New	UnboxJapan | 3.5 out of 5 stars  | 62% positive | 678 total rating	Not fulfilled by Amazon | 11-19 days
  4,499.00 | Prime : No |  | FREE Delivery.	New	UnboxJapan | 3.5 out of 5 stars  | 62% positive | 678 total rating	Not fulfilled by Amazon | 11-19 days
