Price + Delivery	Condition	Seller Information	Delivery
  11,999.00 | Prime : No | +   85 | +   85.00 Delivery	New	GadgetsMore | 4.5 out of 5 stars  | 89% positive. | 9 total rating	Not fulfilled by Amazon | 23-30 days
  25,195.00 | Prime : No | +   85 | FREE Delivery.	New	Kiron | 5 out of 5 stars  | 100% positive | 476 total rating	Not fulfilled by Amazon | 11-19 days
